%Problem type? 1:plane strain,2:plane stress
1
%Material number and their parameter:Density,Elastic modulus
1
        2200.0000            1.00000000E+09        0.20000000
%Node Coordinate
93
       1	       -521.50271             846.30650
       2	       -505.56333             845.17775
       3	       -499.43457             845.43101
       4	       -493.53644             845.13629
       5	       -488.00211             849.70408
       6	       -488.00211             844.93818
       7	       -488.00211             844.25900
       8	       -488.00211             830.29999
       9	       -521.45428             846.90461
      10	       -512.55471             846.28196
      11	       -781.63213             672.61928
      12	       -759.21081             693.22486
      13	       -756.46612             693.63114
      14	       -754.93594             695.42515
      15	       -722.90357             710.80932
      16	       -695.99810             723.55814
      17	       -691.58836             728.75486
      18	       -687.08112             729.21526
      19	       -488.00211             729.21526
      20	       -685.49585             729.21526
      21	       -537.37554             729.21526
      22	       -586.74898             729.21526
      23	       -636.12242             729.21526
      24	       -488.00211             731.21526
      25	       -685.49585             731.21526
      26	       -537.37554             731.21526
      27	       -586.74898             731.21526
      28	       -636.12242             731.21526
      29	       -499.46654             844.83186
      30	       -505.52482             845.77653
      31	       -526.64603             846.79890
      32	       -529.94918             847.35754
      33	       -539.24906             848.54376
      34	       -526.56731             847.39410
      35	       -529.85467             847.95007
      36	       -533.26015             848.47019
      37	       -710.70492             692.48945
      38	       -726.62570             684.27263
      39	       -757.87768             678.44526
      40	       -772.61020             673.25966
      41	       -782.79204             669.67583
      42	       -488.00211             821.48335
      43	       -512.57114             822.31605
      44	       -592.25610             815.49980
      45	       -552.41362             818.90792
      46	       -624.81384             805.43057
      47	       -646.98932             786.20618
      48	       -664.85944             763.47586
      49	       -677.73725             742.50392
      50	       -782.11799             672.17278
      51	       -782.79204             671.76177
      52	       -512.57131             848.21605
      53	       -541.91876             848.57656
      54	       -553.07108             848.57656
      55	       -566.74168             848.03727
      56	       -599.38250             845.23953
      57	       -512.49109             831.81282
      58	       -570.13507             838.55103
      59	       -541.31308             835.18193
      60	       -602.33986             842.44858
      61	       -488.00211             829.39828
      62	       -512.57114             830.91605
      63	       -570.24138             837.65733
      64	       -541.40626             834.28669
      65	       -602.80981             841.59888
      66	       -595.08112             850.31526
      67	       -579.58112             851.91526
      68	       -563.88112             854.71526
      69	       -535.08112             857.31526
      70	       -523.68112             860.11526
      71	       -512.88973             865.77453
      72	       -505.78112             866.81526
      73	       -500.14579             867.22963
      74	       -496.42316             867.57664
      75	       -493.76561             867.66515
      76	       -491.21153             867.55834
      77	       -488.00211             867.27451
      78	       -658.14737             777.47514
      79	       -634.35117             817.16588
      80	       -609.30302             829.94198
      81	       -782.79204             609.73911
      82	       -488.00211             609.73911
      83	       -733.66039             609.73911
      84	       -684.52873             609.73911
      85	       -635.39707             609.73911
      86	       -586.26542             609.73911
      87	       -537.13376             609.73911
      88	       -685.88203             731.21526
      89	       -672.01470             754.34520
      90	       -782.79204             639.70747
      91	       -488.00211             649.56449
      92	       -488.00211             689.38988
      93	       -488.00211             776.34930
%Area,Material of Area
       1	       1
       2	       1
       3	       1
       4	       1
       5	       1
       6	       1
       7	       1
       8	       1
       9	       1
      10	       1
%Area No,Element No,Node1 No,Node2 No
       1	      72	      81	      83
       1	      73	      83	      84
       1	      74	      84	      85
       1	      75	      85	      86
       1	      76	      86	      87
       1	      77	      87	      82
       1	      94	      82	      91
       1	      95	      91	      92
       1	      96	      92	      19
       1	      14	      19	      21
       1	      15	      21	      22
       1	      16	      22	      23
       1	      17	      23	      20
       1	      33	      20	      37
       1	      34	      37	      38
       1	      35	      38	      39
       1	      36	      39	      40
       1	      37	      40	      41
       1	      92	      41	      90
       1	      93	      90	      81
       2	      88	      20	      18
       2	      13	      18	      17
       2	      12	      17	      16
       2	      11	      16	      15
       2	      10	      15	      14
       2	       9	      14	      13
       2	       8	      13	      12
       2	       7	      12	      11
       2	      45	      11	      50
       2	      46	      50	      51
       2	      91	      51	      41
       2	      37	      41	      40
       2	      36	      40	      39
       2	      35	      39	      38
       2	      34	      38	      37
       2	      33	      37	      20
       3	      97	      19	      24
       3	      18	      24	      26
       3	      19	      26	      27
       3	      20	      27	      28
       3	      21	      28	      25
       3	      90	      25	      20
       3	      17	      20	      23
       3	      16	      23	      22
       3	      15	      22	      21
       3	      14	      21	      19
       4	      87	      88	      18
       4	      88	      18	      20
       4	      90	      20	      25
       4	      89	      25	      49
       4	      44	      49	      48
       4	      43	      48	      47
       4	      42	      47	      46
       4	      41	      46	      44
       4	      40	      44	      45
       4	      39	      45	      43
       4	      38	      43	      42
       4	     100	      42	      61
       4	      55	      61	      62
       4	      56	      62	      64
       4	      57	      64	      63
       4	      58	      63	      65
       4	      81	      65	      80
       4	      71	      80	      79
       4	      70	      79	      78
       4	      85	      78	      89
       4	      86	      89	      88
       5	      52	      57	      59
       5	      53	      59	      58
       5	      54	      58	      60
       5	      82	      60	      65
       5	      58	      65	      63
       5	      57	      63	      64
       5	      56	      64	      62
       5	      55	      62	      61
       5	     101	      61	       8
       5	      51	       8	      57
       6	      23	       7	      29
       6	      22	      29	       2
       6	       1	       2	       1
       6	      27	       1	      31
       6	      28	      31	      32
       6	      29	      32	      33
       6	      78	      33	      53
       6	      48	      53	      54
       6	      49	      54	      55
       6	      50	      55	      56
       6	      83	      56	      60
       6	      54	      60	      58
       6	      53	      58	      59
       6	      52	      59	      57
       6	      51	      57	       8
       6	       5	       8	       7
       7	      50	      56	      55
       7	      49	      55	      54
       7	      48	      54	      53
       7	      78	      53	      33
       7	      80	      33	      36
       7	      79	      36	      52
       7	      47	      52	       5
       7	     102	       5	      77
       7	      69	      77	      76
       7	      68	      76	      75
       7	      67	      75	      74
       7	      66	      74	      73
       7	      65	      73	      72
       7	      64	      72	      71
       7	      63	      71	      70
       7	      62	      70	      69
       7	      61	      69	      68
       7	      60	      68	      67
       7	      59	      67	      66
       7	      84	      66	      56
       8	      47	       5	      52
       8	      79	      52	      36
       8	      32	      36	      35
       8	      31	      35	      34
       8	      30	      34	       9
       8	       6	       9	      10
       8	      24	      10	      30
       8	      25	      30	       3
       8	       2	       3	       4
       8	      26	       4	       6
       8	       3	       6	       5
       9	       2	       4	       3
       9	      25	       3	      30
       9	      24	      30	      10
       9	       6	      10	       9
       9	      30	       9	      34
       9	      31	      34	      35
       9	      32	      35	      36
       9	      80	      36	      33
       9	      29	      33	      32
       9	      28	      32	      31
       9	      27	      31	       1
       9	       1	       1	       2
       9	      22	       2	      29
       9	      23	      29	       7
       9	       4	       7	       6
       9	      26	       6	       4
      10	      98	      24	      93
      10	      99	      93	      42
      10	      38	      42	      43
      10	      39	      43	      45
      10	      40	      45	      44
      10	      41	      44	      46
      10	      42	      46	      47
      10	      43	      47	      48
      10	      44	      48	      49
      10	      89	      49	      25
      10	      21	      25	      28
      10	      20	      28	      27
      10	      19	      27	      26
      10	      18	      26	      24
%Node Displacement:Node No, type, value
%types are: 1 = x, 2 = y, 3 = x = y
       5	       1	        0.0000000
       6	       1	        0.0000000
       7	       1	        0.0000000
       8	       1	        0.0000000
      19	       1	        0.0000000
      24	       1	        0.0000000
      41	       1	        0.0000000
      42	       1	        0.0000000
      61	       1	        0.0000000
      77	       1	        0.0000000
      81	       1	        0.0000000
      81	       2	        0.0000000
      82	       1	        0.0000000
      82	       2	        0.0000000
      83	       2	        0.0000000
      84	       2	        0.0000000
      85	       2	        0.0000000
      86	       2	        0.0000000
      87	       2	        0.0000000
      90	       1	        0.0000000
      91	       1	        0.0000000
      92	       1	        0.0000000
      93	       1	        0.0000000
