%Problem type? 1:plane strain,2:plane stress
1
%Material number and their parameter:Density,Elastic modulus
2
        0.0000            2.08000000E+09        0.30000000
        0.0000            2.08000000E+09        0.30000000
%Node Coordinate
91
1	0	0
2	0.2	0
3	0.4	0
4	0.6	0
5	0.8	0
6	1	0
7	1.2	0
8	1.4	0
9	1.6	0
10	1.8	0
11	2	0
12	2.2	0
13	2.4	0
14	2.5	0
15	2.6	0.1
16	2.7	0.2
17	2.8	0.3
18	2.9	0.4
19	3	0.5
20	3.1	0.6
21	3.2	0.7
22	3.3	0.8
23	3.4	0.9
24	3.5	1
25	3.4	1.1
26	3.3	1.2
27	3.2	1.3
28	3.1	1.4
29	3	1.5
30	2.9	1.6
31	2.8	1.7
32	2.7	1.8
33	2.6	1.9
34	2.5	2
35	2.4	2
36	2.2	2
37	2	2
38	1.8	2
39	1.6	2
40	1.4	2
41	1.2	2
42	1	2
43	0.8	2
44	0.6	2
45	0.4	2
46	0.2	2
47	0	2
48	0	1.8
49	0	1.6
50	0	1.4
51	0	1.2
52	0	1
53	0	0.8
54	0	0.6
55	0	0.4
56	0	0.2
57	2.6	0
58	2.8	0
59	3	0
60	3.2	0
61	3.4	0
62	3.6	0
63	3.8	0
64	4	0
65	4.2	0
66	4.4	0
67	4.6	0
68	4.8	0
69	5	0
70	5	0.2
71	5	0.4
72	5	0.6
73	5	0.8
74	5	1
75	5	1.2
76	5	1.4
77	5	1.6
78	5	1.8
79	5	2
80	4.8	2
81	4.6	2
82	4.4	2
83	4.2	2
84	4	2
85	3.8	2
86	3.6	2
87	3.4	2
88	3.2	2
89	3	2
90	2.8	2
91      2.6     2
%Area,Material of Area
       1	       1
       2	       2
%Area No,Element No,Node1 No,Node2 No
1	1	1	2
1	2	2	3
1	3	3	4
1	4	4	5
1	5	5	6
1	6	6	7
1	7	7	8
1	8	8	9
1	9	9	10
1	10	10	11
1	11	11	12
1	12	12	13
1	13	13	14
1	14	14	15
1	15	15	16
1	16	16	17
1	17	17	18
1	18	18	19
1	19	19	20
1	20	20	21
1	21	21	22
1	22	22	23
1	23	23	24
1	24	24	25
1	25	25	26
1	26	26	27
1	27	27	28
1	28	28	29
1	29	29	30
1	30	30	31
1	31	31	32
1	32	32	33
1	33	33	34
1	34	34	35
1	35	35	36
1	36	36	37
1	37	37	38
1	38	38	39
1	39	39	40
1	40	40	41
1	41	41	42
1	42	42	43
1	43	43	44
1	44	44	45
1	45	45	46
1	46	46	47
1	47	47	48
1	48	48	49
1	49	49	50
1	50	50	51
1	51	51	52
1	52	52	53
1	53	53	54
1	54	54	55
1	55	55	56
1	56	56	1
2	57	14	57
2	58	57	58
2	59	58	59
2	60	59	60
2	61	60	61
2	62	61	62
2	63	62	63
2	64	63	64
2	65	64	65
2	66	65	66
2	67	66	67
2	68	67	68
2	69	68	69
2	70	69	70
2	71	70	71
2	72	71	72
2	73	72	73
2	74	73	74
2	75	74	75
2	76	75	76
2	77	76	77
2	78	77	78
2	79	78	79
2	80	79	80
2	81	80	81
2	82	81	82
2	83	82	83
2	84	83	84
2	85	84	85
2	86	85	86
2	87	86	87
2	88	87	88
2	89	88	89
2	90	89	90
2	91	90	91
2	92	91	34
2	33	34	33
2	32	33	32
2	31	32	31
2	30	31	30
2	29	30	29
2	28	29	28
2	27	28	27
2	26	27	26
2	25	26	25
2	24	25	24
2	23	24	23
2	22	23	22
2	21	22	21
2	20	21	20
2	19	20	19
2	18	19	18
2	17	18	17
2	16	17	16
2	15	16	15
2	14	15	14
%Node Displacement:Node No, type, value
%types are: 1 = x, 2 = y, 3 = x = y
1	1	0
1	2	0
47	1	0
48	1	0
49	1	0
50	1	0
51	1	0
52	1	0
53	1	0
54	1	0
55	1	0
56	1	0
%points 
1.5      1
2.0      1
2.5      1
3        1
3.1      1
3.2      1
3.3      1
3.4      1
3.45     1
3.49     1