%Problem type? 1:plane strain,2:plane stress
2
%Material number and their parameter:Density,Elastic modulus
4
        0.0000            1.00000000E+09        0.000000000
        0.0000            1.00000000E+09        0.000000000
        0.0000            1.00000000E+09        0.000000000
        0.0000            1.00000000E+09        0.000000000
%Node Coordinate
97
1	0	0
2	0.2	0
3	0.4	0
4	0.6	0
5	0.8	0
6	1	0
7	1.2	0
8	1.4	0
9	1.6	0
10	1.8	0
11	2	0
12	2.2	0
13	2.4	0
14	2.6	0
15	2.8	0
16	3	0
17	3	0.2
18	3	0.4
19	3	0.6
20	3	0.8
21	3	1
22	2.8	1
23	2.6	1
24	2.4	1
25	2.2	1
26	2	1
27	1.8	1
28	1.6	1
29	1.4	1
30	1.2	1
31	1	1
32	0.8	1
33	0.6	1
34	0.4	1
35	0.2	1
36	0	1
37	0	0.8
38	0	0.6
39	0	0.4
40	0	0.2
41	1.1	1.1
42	1.2	1.2
43	1.3	1.3
44	1.4	1.4
45	1.5	1.5
46	1.6	1.6
47	1.7	1.7
48	1.8	1.8
49	1.9	1.9
50	2	2
51	1.8	2
52	1.6	2
53	1.4	2
54	1.2	2
55	1	2
56	0.8	2
57	0.6	2
58	0.4	2
59	0.2	2
60	0	2
61	0	1.8
62	0	1.6
63	0	1.4
64	0	1.2
65	3	1.2
66	3	1.4
67	3	1.6
68	3	1.8
69	3	2
70	2.8	2
71	2.6	2
72	2.4	2
73	2.2	2
74	3	2.2
75	3	2.4
76	3	2.6
77	3	2.8
78	3	3
79	2.8	3
80	2.6	3
81	2.4	3
82	2.2	3
83	2	3
84	1.8	3
85	1.6	3
86	1.4	3
87	1.2	3
88	1	3
89	0.8	3
90	0.6	3
91	0.4	3
92	0.2	3
93	0	3
94	0	2.8
95	0	2.6
96	0	2.4
97	0	2.2
%Area,Material of Area
       1	       1
       2	       2
       3               3
       4               4
%Area No,Element No,Node1 No,Node2 No
1	1	1	2
1	2	2	3
1	3	3	4
1	4	4	5
1	5	5	6
1	6	6	7
1	7	7	8
1	8	8	9
1	9	9	10
1	10	10	11
1	11	11	12
1	12	12	13
1	13	13	14
1	14	14	15
1	15	15	16
1	16	16	17
1	17	17	18
1	18	18	19
1	19	19	20
1	20	20	21
1	21	21	22
1	22	22	23
1	23	23	24
1	24	24	25
1	25	25	26
1	26	26	27
1	27	27	28
1	28	28	29
1	29	29	30
1	30	30	31
1	31	31	32
1	32	32	33
1	33	33	34
1	34	34	35
1	35	35	36
1	36	36	37
1	37	37	38
1	38	38	39
1	39	39	40
1	40	40	1
2	41	31	41
2	42	41	42
2	43	42	43
2	44	43	44
2	45	44	45
2	46	45	46
2	47	46	47
2	48	47	48
2	49	48	49
2	50	49	50
2	51	50	51
2	52	51	52
2	53	52	53
2	54	53	54
2	55	54	55
2	56	55	56
2	57	56	57
2	58	57	58
2	59	58	59
2	60	59	60
2	61	60	61
2	62	61	62
2	63	62	63
2	64	63	64
2	65	64	36
2	35	36	35
2	34	35	34
2	33	34	33
2	32	33	32
2	31	32	31
3	30	31	30
3	29	30	29
3	28	29	28
3	27	28	27
3	26	27	26
3	25	26	25
3	24	25	24
3	23	24	23
3	22	23	22
3	21	22	21
3	66	21	65
3	67	65	66
3	68	66	67
3	69	67	68
3	70	68	69
3	71	69	70
3	72	70	71
3	73	71	72
3	74	72	73
3	75	73	50
3	50	50	49
3	49	49	48
3	48	48	47
3	47	47	46
3	46	46	45
3	45	45	44
3	44	44	43
3	43	43	42
3	42	42	41
3	41	41	31
4	76	69	74
4	77	74	75
4	78	75	76
4	79	76	77
4	80	77	78
4	81	78	79
4	82	79	80
4	83	80	81
4	84	81	82
4	85	82	83
4	86	83	84
4	87	84	85
4	88	85	86
4	89	86	87
4	90	87	88
4	91	88	89
4	92	89	90
4	93	90	91
4	94	91	92
4	95	92	93
4	96	93	94
4	97	94	95
4	98	95	96
4	99	96	97
4	100	97	60
4	60	60	59
4	59	59	58
4	58	58	57
4	57	57	56
4	56	56	55
4	55	55	54
4	54	54	53
4	53	53	52
4	52	52	51
4	51	51	50
4	75	50	73
4	74	73	72
4	73	72	71
4	72	71	70
4	71	70	69
%Node Displacement:Node No, type, value
%types are: 1 = x, 2 = y, 3 = x = y
1	1	0
1	2	0
2	1	0
2	2	0
3	1	0
3	2	0
4	1	0
4	2	0
5	1	0
5	2	0
6	1	0
6	2	0
7	1	0
7	2	0
8	1	0
8	2	0
9	1	0
9	2	0
10	1	0
10	2	0
11	1	0
11	2	0
12	1	0
12	2	0
13	1	0
13	2	0
14	1	0
14	2	0
15	1	0
15	2	0
16	1	0
16	2	0
%points 
0.5  1.5
0.75 1.25
0.8  1.2
0.9  1.1
2.5  1.5
2.25 1.75
2.2  1.8
2.1  1.9